ASCII   |   BINARIO  | SSD 
0       |   0110000  | 0111111 
1       |   0110001  | 0000110 
2       |   0110010  | 1011011
3       |   0110011  | 1001111
4       |   0110100  | 1100110 
5       |   0110101  | 1101101
6       |   0110110  | 1111101
7       |   0110111  | 0000111
8       |   0111000  | 1111111
9       |   0111001  | 1101111


a       |   1000001  |
b       |   1000010  |
c       |   1000011  |
d       |   1000100  |
e       |   1000101  |
f       |   1000110  |
h       |   1001000  |        
i       |   1001001  |
l       |   1001100  |
o       |   1001111  |
p       |   1010000  |
s       |   1010011  |
u       |   1010101  | 